64
100
181258345926078164452
416865692108928044775
94470966641553819846
91056725778815084195
153089313392616275306
404063834289525106109
10818974672720156346
420292296298605340628
431117452634794777075
119275211620031214149
278387354414327197627
216168638205517153486
142380929971412710778
23829651668217718446
283266649519285317215
113529951828633890623
419131042592596821943
425095669149521669408
136255782814498891899
312348496803262553127
157181577314081415905
28106084261797305913
233771238376416705981
177586130313211815768
192125259856108483923
108806242355102318194
192287622618446813601
25757829457993368595
66027727998493683732
8845386400936989180
32202841884380924902
227452684539076997417
208485229886053238266
101689251240727057551
174354364316440222018
254522797201843958836
316974455468358876975
220782494901045779472
358191851380305949989
317729355807446872042
131805640221441354703
42516003342539775625
316940076794673361276
235225806636181694616
75496542392454431593
288715223463466188012
109915030634488685675
92920715599670922769
131492430942570129667
183310999536610720676
312272998816449725481
88169512001177098200
147314885837340303316
254792840500415837303
125443403130173593212
388608944938904511250
146655472815050184538
3354599190478772882
100895129811994030964
285163398045773670883
407279795321232194153
372369036441778520744
414944795269670675965
391398312411911554665